
machine_hall_01:
machine_hall_02:
#transformation matrix from algorithm output to ground-truth, shape[3,4]

  # transition_matrix: [-0.862788453250133, -0.371279618470709,  -0.003239604478395,   4.601239218123496,
  #                     0.395175180682436,  -0.865721486423283,   0.006096122028730,  -1.900673069745270,
  #                     0.061701147487938,   0.069411694741035,   0.997203616981484,   0.589099322057995]

  transition_matrix: [-0.903214394183535,  -0.428931946012097,   0.014870905485153,   4.589070554333665,
                      0.429034250822968,  -0.903277543085375,   0.004392240706762,  -1.903225534096865,
                      0.011548582616379,   0.010347262822948,   0.999879774968785,   0.579917639866227]

machine_hall_03:
machine_hall_04:
machine_hall_05:
vicon_room_1_01:
vicon_room_1_02:
  # transition_matrix: [0.825370882115758,   0.081882569068075,   0.125939286290418,   0.597994335296235,
  #                     -0.098979679626266,   1.049152289547445,   0.146101337471736,   1.994554053259854,
  #                     0.013015929536240,   0.123571461555759,   1.129389470033551,   1.114644842760782]

  transition_matrix: [0.997710831716296,   0.050489450280249,  -0.044987906001215,   0.595248600933958,
                      -0.054983324874039,   0.992950607061138,  -0.105004409063206,   2.079293442410314,
                      0.039369153683712,   0.107237620951397,   0.993453653871640,   1.174097006695385]
vicon_room_1_03:
vicon_room_2_01:
vicon_room_2_02:
vicon_room_2_03:
  transition_matrix: [-0.976975359499850,   0.213257550053016,   0.006353288559810,  -1.077488669677177,
  -0.213091994153189,  -0.976821415877461,   0.020290971168745,   0.364539359626821,
   0.010533231126114,   0.018469943923546,  0.999773930553055,   1.608862560406880]


